I:5 S:[ 0.657000 ][ 3.553800 ][ -6.978240 ][ 0.886460 ][ -0.625082 ][ 0.181070 ] E:[ 0.657000 ][ 3.553800 ][ 6.978240 ][ 0.886460 ][ 0.625082 ][ 0.181070 ]
I:4 S:[ 1.045891 ][ 2.768116 ][ -7.384669 ][ 1.011486 ][ -0.470094 ][ 0.273807 ] E:[ 0.388891 ][ 0.785683 ][ 0.406429 ][ 0.125026 ][ 0.154989 ][ 0.092738 ]
[ 1.045891 ][ 2.768116 ][ -7.384669 ][ 1.011486 ][ -0.470094 ][ 0.273807 ]
