I:30 S:[ 0.657000 ][ 3.553800 ][ -6.978240 ][ 0.886460 ][ -0.625082 ][ 0.181070 ] E:[ 0.657000 ][ 3.553800 ][ 6.978240 ][ 0.886460 ][ 0.625082 ][ 0.181070 ]
I:29 S:[ 1.045891 ][ 2.768116 ][ -7.384669 ][ 1.011486 ][ -0.470094 ][ 0.273807 ] E:[ 0.388891 ][ 0.785683 ][ 0.406429 ][ 0.125026 ][ 0.154989 ][ 0.092738 ]
I:28 S:[ 1.112148 ][ 2.757615 ][ -7.365372 ][ 1.012446 ][ -0.467282 ][ 0.252814 ] E:[ 0.066257 ][ 0.010501 ][ 0.019297 ][ 0.000960 ][ 0.002812 ][ 0.020994 ]
[ 1.112148 ][ 2.757615 ][ -7.365372 ][ 1.012446 ][ -0.467282 ][ 0.252814 ]
