
x1=41.609722	
x2=38.377666	
x3=-20.683807	
x4=5.145321	
x5=15.657360	
x6=29.910942	
x7=53.738247	
x8=-6.435820	
